epoch,accuracy,loss,lr,val_accuracy,val_loss
0,0.91277415,0.21022371545826135,1.0000001e-06,0.921498,0.2393527360927643
1,0.91672146,0.20157068678945825,1.0000001e-06,0.921498,0.23857755599488523
2,0.9158991,0.2066381963264001,1.0000001e-06,0.921498,0.2382203983717246
3,0.91622806,0.20574304331420806,1.0000001e-06,0.9218331,0.23704850504888925
4,0.91513157,0.20670147392441307,1.0000001e-06,0.92216825,0.23712343425956872
5,0.9125,0.2075124379018681,1.0000001e-06,0.9218331,0.23718151462142015
6,0.9139254,0.2069732237084393,1.0000001e-06,0.92200065,0.2365306504769875
7,0.9131579,0.21372114206876672,1.0000001e-06,0.92174935,0.2367690184001309
8,0.91836625,0.19716419769091564,1.0000001e-07,0.9218331,0.23666962793461438
9,0.9151864,0.2053278154448459,1.0000001e-07,0.9218331,0.23672221263436147
10,0.9149671,0.2099655496054574,1.0000001e-07,0.9219169,0.2368783321001894
11,0.91268533,0.21439683065063872,1.0000001e-08,0.9219169,0.23688767728553062
12,0.91460735,0.20619637918776695,1.0000001e-08,0.9219169,0.2368811828561187
13,0.9151864,0.20570253981440736,1.0000001e-08,0.9219169,0.236887538980383
14,0.9158155,0.20553259251128836,1.0000001e-09,0.9219169,0.2368877534692153
